"AUD","CAD","CHF","CNY","CZK","DKK","GBP","HKD","HRK","HUF","IDR","JPY","KRW","MYR","NOK","NZD","PHP","PLN","RON","RUB","SEK","SGD","THB","TRY","USD","ZAR"
0.446982236046596,0.197093960345553,0.0274532367609605,0.0690458560772153,0.0550750494821752,0.000212842708293751,0.0880587646502228,0.0667606354689323,0.00112083546967389,0.105151590717886,0.111306416425408,0.116594355133558,0.150446668274292,0.152822173125803,0.0866205745126584,0.232432804087726,0.117167500823068,0.0925893324106965,-0.0329945589445318,0.0368543623308008,0.0929690267771825,0.130067193754778,0.0482711791425079,0.0813059265513208,0.0663725252448231,0.134612107243919
0.197093960345553,0.260325593718013,-0.00514751617115883,0.160997073350181,0.0226411312759405,-2.24334495552781e-05,0.0856176918536895,0.156177375057905,0.00119662304285818,0.0322137009343409,0.156935917047578,0.145883931654741,0.150989381667329,0.173733247596199,0.0493828557580901,0.147673473187006,0.148783820210182,0.0335237794015949,-0.0300373398601134,0.0748782047912412,0.0398317566585666,0.148106403268436,0.122644038955825,0.0986246651832772,0.156076730495154,0.10759096520873
0.0274532367609605,-0.00514751617115883,2.7325441316482,0.00326016187680616,0.655525941032061,0.0160043324486925,0.00399989224746268,0.0315045947170621,0.00145997916234593,-0.0100006373570306,-0.361785542973211,3.86110029984352,-0.0364336645284802,0.0399719227798267,-0.00357742609240729,-0.927171251860432,-0.292280189395954,0.000818511332870791,-1.2918274933434,0.0273050851734369,-0.0233641186855992,0.298042923472177,-0.00675273131036518,-3.56965268210745,0.0101799365840716,-2.69277044988309
0.0690458560772153,0.160997073350181,0.00326016187680616,0.415274983756177,-0.00692803044795684,7.86922447356479e-05,0.103284223153074,0.33555345767795,0.00162888439078153,-0.0805654529597133,0.255471517652139,0.342451807577164,0.186561250347548,0.249486770820347,0.00148070874195268,0.0221977792221205,0.225162239999063,-0.0578778120101179,-0.0713384791701172,0.153556432819713,-0.0357397301001967,0.220289582075797,0.269322838670962,0.0418041492940636,0.335244423432091,0.00704040076100055
0.0550750494821752,0.0226411312759405,0.655525941032061,-0.00692803044795684,0.315494746987367,0.00509608710193797,0.00160236400418426,0.00223800619373392,0.000722245956763242,0.0749233083807722,-0.11049455188489,1.21792903437089,0.00224059827677382,0.0194871578378397,0.0161028309557249,-0.265193999135021,-0.0835402615406909,0.0837802130052549,-0.407524284924767,0.0065497170214627,0.0099051715486611,0.105079968193892,-0.0102464937967499,-1.10660802991888,-0.0045630961921604,-0.792446476077734
0.000212842708293751,-2.24334495552781e-05,0.0160043324486925,7.86922447356479e-05,0.00509608710193797,0.000248379311363326,4.19837138334392e-05,0.000296724781769888,1.15909038149739e-05,-7.68138320841831e-05,-0.00277157440692514,0.0300258588182403,-0.000260166389830414,0.000343099771490912,-2.94465739749768e-05,-0.00720561776686004,-0.00223619370454785,1.18377322466867e-05,-0.0100380985325828,0.000235396433809067,-0.000191301910024382,0.00234456464594862,-1.04418712202068e-05,-0.0277055477545035,0.000131107270178317,-0.0208932092544286
0.0880587646502228,0.0856176918536895,0.00399989224746268,0.103284223153074,0.00160236400418426,4.19837138334392e-05,0.248831947721132,0.100420993168049,0.00061670326723453,-0.010172590236524,0.0908402962234068,0.108181496125241,0.0815931988980245,0.099426218902575,0.0191732137180807,0.0623722618752795,0.0837859797765004,-0.00889507958082369,-0.024214682187535,0.0472787069922437,0.0119836577287284,0.0847118041432944,0.0797299249540341,0.032181623242607,0.100289804907497,0.0268980596227293
0.0667606354689323,0.156177375057905,0.0315045947170621,0.33555345767795,0.00223800619373392,0.000296724781769888,0.100420993168049,0.329290519115731,0.00160329037279332,-0.0787170872358771,0.243514122261613,0.38646113932185,0.180756756649129,0.243089643016871,0.00115064808498007,0.00816161360534426,0.214946772490591,-0.0563821120544699,-0.0872388038677344,0.149832118719356,-0.0353767492349771,0.218286199335979,0.262079953486123,-0.00874704395316951,0.326469567967953,-0.0306111892467604
0.00112083546967389,0.00119662304285818,0.00145997916234593,0.00162888439078153,0.000722245956763242,1.15909038149739e-05,0.00061670326723453,0.00160329037279332,0.00987637703912808,0.000200307887217957,0.00112090873394096,0.00433325862482725,0.00116331447096262,0.00144978065892429,0.000257145778551156,1.30770383633362e-05,0.00106485278951242,0.000272409252152101,-0.00124458209328701,0.000763916991228379,7.32150819319e-05,0.00147735344811531,0.00124009935839894,-0.00195532284415039,0.00158657697731577,-0.00124333815959364
0.105151590717886,0.0322137009343409,-0.0100006373570306,-0.0805654529597133,0.0749233083807722,-7.68138320841831e-05,-0.010172590236524,-0.0787170872358771,0.000200307887217957,0.30433455823131,-0.0315109936125535,-0.100718519531549,0.00302957690307126,-0.0230859910967962,0.0403986592804923,0.0836656748568866,-0.0162796256122826,0.16338646413907,0.0247533357674775,-0.0329136761368307,0.0502752083382876,-0.0157671396381015,-0.0667586112382424,0.0720541554791977,-0.0785997318443938,0.139823606277545
0.111306416425408,0.156935917047578,-0.361785542973211,0.255471517652139,-0.11049455188489,-0.00277157440692514,0.0908402962234068,0.243514122261613,0.00112090873394096,-0.0315109936125535,0.340527286118932,-0.42829623237004,0.170146018250402,0.200894025922413,0.0209299330713881,0.233226100599967,0.235720414196795,-0.0203194193215027,0.174825513918131,0.110525610262331,-0.000103548388139383,0.129134165233828,0.200030432901712,0.688191191295886,0.247042651410684,0.517897370934704
0.116594355133558,0.145883931654741,3.86110029984352,0.342451807577164,1.21792903437089,0.0300258588182403,0.108181496125241,0.38646113932185,0.00433325862482725,-0.100718519531549,-0.42829623237004,7.79567723961364,0.112816311908763,0.317456660596984,-0.0061102424366857,-1.71565493463427,-0.327966129249719,-0.0590111299339081,-2.48754975252065,0.200787964881674,-0.0795883346490591,0.7720361186619,0.250444505425695,-6.6415413739661,0.346242803069561,-5.03420858097263
0.150446668274292,0.150989381667329,-0.0364336645284802,0.186561250347548,0.00224059827677382,-0.000260166389830414,0.0815931988980245,0.180756756649129,0.00116331447096262,0.00302957690307126,0.170146018250402,0.112816311908763,1.08043007717458,0.173759135439645,0.0345288651021798,0.121477129801481,0.156725149866786,0.00818109819616121,-0.0153528665364138,0.0847855824570866,0.0199800193773172,0.145438567008463,0.143796876745179,0.135197597746078,0.180966918409364,0.118615464661676
0.152822173125803,0.173733247596199,0.0399719227798267,0.249486770820347,0.0194871578378397,0.000343099771490912,0.099426218902575,0.243089643016871,0.00144978065892429,-0.0230859910967962,0.200894025922413,0.317456660596984,0.173759135439645,0.265675019220243,0.0305757612111163,0.0844512622675599,0.183880804934884,-0.0127546978342842,-0.0760589015385332,0.113578554880973,0.00865479577958591,0.193221164697592,0.192904404412753,0.00577564661010686,0.242463746941715,0.0102873785445078
0.0866205745126584,0.0493828557580901,-0.00357742609240729,0.00148070874195268,0.0161028309557249,-2.94465739749768e-05,0.0191732137180807,0.00115064808498007,0.000257145778551156,0.0403986592804923,0.0209299330713881,-0.0061102424366857,0.0345288651021798,0.0305757612111163,0.25089699745531,0.071137896399571,0.0241736816221726,0.0358556374363839,0.00164681758379409,0.00230114888545337,0.0295368259306814,0.0249002726735894,-0.000564507525516843,0.0428574562995549,0.00117101790225999,0.0582060424134281
0.232432804087726,0.147673473187006,-0.927171251860432,0.0221977792221205,-0.265193999135021,-0.00720561776686004,0.0623722618752795,0.00816161360534426,1.30770383633362e-05,0.0836656748568866,0.233226100599967,-1.71565493463427,0.121477129801481,0.0844512622675599,0.071137896399571,0.828684210869947,0.208307511724172,0.0655917471739446,0.574626149693053,0.00287730222129755,0.0896754714791423,-0.0526243984547243,0.0173083454663397,1.70494852892901,0.0177061596257097,1.34081066672651
0.117167500823068,0.148783820210182,-0.292280189395954,0.225162239999063,-0.0835402615406909,-0.00223619370454785,0.0837859797765004,0.214946772490591,0.00106485278951242,-0.0162796256122826,0.235720414196795,-0.327966129249719,0.156725149866786,0.183880804934884,0.0241736816221726,0.208307511724172,0.316697005483883,-0.00696803650806818,0.137418177088409,0.0981409684291921,0.00595063216886235,0.122941716016369,0.175713863728293,0.569064020679139,0.21777743141037,0.435224693053465
0.0925893324106965,0.0335237794015949,0.000818511332870791,-0.0578778120101179,0.0837802130052549,1.18377322466867e-05,-0.00889507958082369,-0.0563821120544699,0.000272409252152101,0.16338646413907,-0.0203194193215027,-0.0590111299339081,0.00818109819616121,-0.0127546978342842,0.0358556374363839,0.0655917471739446,-0.00696803650806818,0.255942778505454,0.0141714206110903,-0.0227474600435907,0.0418879911998375,-0.00410313007164788,-0.0490671706190357,0.0527515077635213,-0.0563909066967615,0.124822113367485
-0.0329945589445318,-0.0300373398601134,-1.2918274933434,-0.0713384791701172,-0.407524284924767,-0.0100380985325828,-0.024214682187535,-0.0872388038677344,-0.00124458209328701,0.0247533357674775,0.174825513918131,-2.48754975252065,-0.0153528665364138,-0.0760589015385332,0.00164681758379409,0.574626149693053,0.137418177088409,0.0141714206110903,1.07670519783345,-0.0479638828510189,0.0212468259788526,-0.231436259042618,-0.0499762163774575,2.22769917942929,-0.0738167572245924,1.68603278994628
0.0368543623308008,0.0748782047912412,0.0273050851734369,0.153556432819713,0.0065497170214627,0.000235396433809067,0.0472787069922437,0.149832118719356,0.000763916991228379,-0.0329136761368307,0.110525610262331,0.200787964881674,0.0847855824570866,0.113578554880973,0.00230114888545337,0.00287730222129755,0.0981409684291921,-0.0227474600435907,-0.0479638828510189,0.494016671436778,-0.0142658214381435,0.103450599512762,0.119747025116234,-0.0235913075155798,0.149427000712313,-0.0268666500062227
0.0929690267771825,0.0398317566585666,-0.0233641186855992,-0.0357397301001967,0.0099051715486611,-0.000191301910024382,0.0119836577287284,-0.0353767492349771,7.32150819319e-05,0.0502752083382876,-0.000103548388139383,-0.0795883346490591,0.0199800193773172,0.00865479577958591,0.0295368259306814,0.0896754714791423,0.00595063216886235,0.0418879911998375,0.0212468259788526,-0.0142658214381435,0.112351916560764,0.00197604243968525,-0.0297153741091248,0.0763169755713291,-0.0351221517666626,0.0871100731009652
0.130067193754778,0.148106403268436,0.298042923472177,0.220289582075797,0.105079968193892,0.00234456464594862,0.0847118041432944,0.218286199335979,0.00147735344811531,-0.0157671396381015,0.129134165233828,0.7720361186619,0.145438567008463,0.193221164697592,0.0249002726735894,-0.0526243984547243,0.122941716016369,-0.00410313007164788,-0.231436259042618,0.103450599512762,0.00197604243968525,0.245519451526314,0.169161197460331,-0.452142655750594,0.215011759065151,-0.33306570638322
0.0482711791425079,0.122644038955825,-0.00675273131036518,0.269322838670962,-0.0102464937967499,-1.04418712202068e-05,0.0797299249540341,0.262079953486123,0.00124009935839894,-0.0667586112382424,0.200030432901712,0.250444505425695,0.143796876745179,0.192904404412753,-0.000564507525516843,0.0173083454663397,0.175713863728293,-0.0490671706190357,-0.0499762163774575,0.119747025116234,-0.0297153741091248,0.169161197460331,0.246392949886771,0.0461753526527484,0.261935547428564,0.0133232700613162
0.0813059265513208,0.0986246651832772,-3.56965268210745,0.0418041492940636,-1.10660802991888,-0.0277055477545035,0.032181623242607,-0.00874704395316951,-0.00195532284415039,0.0720541554791977,0.688191191295886,-6.6415413739661,0.135197597746078,0.00577564661010686,0.0428574562995549,1.70494852892901,0.569064020679139,0.0527515077635213,2.22769917942929,-0.0235913075155798,0.0763169755713291,-0.452142655750594,0.0461753526527484,6.48100583936054,0.0281275269309369,4.74501526819028
0.0663725252448231,0.156076730495154,0.0101799365840716,0.335244423432091,-0.0045630961921604,0.000131107270178317,0.100289804907497,0.326469567967953,0.00158657697731577,-0.0785997318443938,0.247042651410684,0.346242803069561,0.180966918409364,0.242463746941715,0.00117101790225999,0.0177061596257097,0.21777743141037,-0.0563909066967615,-0.0738167572245924,0.149427000712313,-0.0351221517666626,0.215011759065151,0.261935547428564,0.0281275269309369,0.326183650648172,-0.00281018928341677
0.134612107243919,0.10759096520873,-2.69277044988309,0.00704040076100055,-0.792446476077734,-0.0208932092544286,0.0268980596227293,-0.0306111892467604,-0.00124333815959364,0.139823606277545,0.517897370934704,-5.03420858097263,0.118615464661676,0.0102873785445078,0.0582060424134281,1.34081066672651,0.435224693053465,0.124822113367485,1.68603278994628,-0.0268666500062227,0.0871100731009652,-0.33306570638322,0.0133232700613162,4.74501526819028,-0.00281018928341677,4.00197635918424
