"AUD","CAD","CHF","CNY","CZK","DKK","GBP","HKD","HRK","HUF","IDR","JPY","KRW","MYR","NOK","NZD","PHP","PLN","RON","RUB","SEK","SGD","THB","TRY","USD","ZAR"
0.458332189104528,0.202845852909336,0.0379123284265288,0.0729414459859875,0.0559775692053262,0.000271601862543583,0.0839082813771854,0.0705011886084803,0.00124144508916491,0.108535917134452,0.115756998230294,0.0132317412327552,0.15327710886499,0.155920087433833,0.0910134094556577,0.236530260514553,0.120523965800996,0.0960899154837977,-0.0422149646993625,0.0369675789433077,0.0963652607898398,0.136086527717169,0.051923151248136,0.0802513782760495,0.0700073591421598,0.141349647039252
0.202845852909336,0.263360275843064,0.000951474851235083,0.166730848101443,0.0222209285014572,1.19849478242131e-05,0.0868760150708559,0.161837656592692,0.00134628110661238,0.035281241141419,0.162777736177064,0.105650746662893,0.156400145136767,0.179234854567364,0.0524336469936291,0.15471882019,0.153862247577998,0.037046325892764,-0.0345705964531877,0.0753677388659252,0.0414125411135221,0.154255483663979,0.128192772598326,0.102841338097862,0.161658320317434,0.115336485920189
0.0379123284265288,0.000951474851235083,2.94000754676417,0.0137146460629604,0.652349677713987,0.0160531534541938,0.00824348259105969,0.0390255442758749,0.00160174290687635,-0.012957134745739,-0.353228271890468,0.0142318893784635,-0.02834129253864,0.0608541192915627,-0.00282425586142479,-0.908740212754312,-0.283520834037995,-0.00333074085607518,-1.29878684088488,0.0267038039686008,-0.0191100035578976,0.311830438892766,0.00113984572068184,-3.51115051911871,0.0177669884144596,-2.70168964429715
0.0729414459859875,0.166730848101443,0.0137146460629604,0.418729499920001,-0.00642391508154168,0.000152695660152793,0.111724695935124,0.347305441727132,0.00177445314004234,-0.0785934476451336,0.262743990169244,0.278407398643472,0.194920765663604,0.259289214565923,0.000961635734238769,0.0245410423892019,0.232611886610544,-0.0535181272784614,-0.075244888347001,0.155428306049195,-0.0390733389827448,0.228724363910939,0.280445838813004,0.039392027809007,0.346854193619731,0.00332473845493185
0.0559775692053262,0.0222209285014572,0.652349677713987,-0.00642391508154168,0.325299429768542,0.0050663021930846,0.0018749113315596,0.00178756597773304,0.000771685335239344,0.0757725440076988,-0.108901406484679,-0.00990485313526384,0.00269985549860871,0.0232673799281217,0.0151192420456969,-0.258268092021661,-0.0825865904005198,0.0843160267018719,-0.405320517237016,0.00482667414233701,0.011074957778095,0.107068453311261,-0.00994318314230978,-1.0828312029956,-0.004945482643279,-0.791905219863246
0.000271601862543583,1.19849478242131e-05,0.0160531534541938,0.000152695660152793,0.0050663021930846,0.000248430330711009,6.83130339439712e-05,0.000347196002863428,1.26493103458011e-05,-7.96696456816046e-05,-0.00270437605576856,0.000158960459852081,-0.000202344621309962,0.000493341107643834,-3.09693569383068e-05,-0.00704763654364734,-0.00216724587051172,4.3299748294685e-06,-0.0100540668881181,0.000226804563929936,-0.00016306834219101,0.00243442705856862,4.73962388876697e-05,-0.0271636147549385,0.000182608114122175,-0.0208914423172581
0.0839082813771854,0.0868760150708559,0.00824348259105969,0.111724695935124,0.0018749113315596,6.83130339439712e-05,0.242173653707881,0.108739781280932,0.000708078743457118,-0.00984236172907747,0.0957565122128159,0.0781191808709425,0.0842665225146233,0.103136507448709,0.0186226610950419,0.0587366411495098,0.0880350162270547,-0.00712627840268527,-0.0273287923660225,0.049672765610821,0.00909356889868478,0.0890196212332814,0.0870765415982985,0.0322927003461564,0.108558962853248,0.0283786627295341
0.0705011886084803,0.161837656592692,0.0390255442758749,0.347305441727132,0.00178756597773304,0.000347196002863428,0.108739781280932,0.338882141593095,0.00174530746728632,-0.0769430859827049,0.251344158336788,0.271620596313256,0.189172670713869,0.252978288456796,0.00061306472854617,0.0118931294116204,0.222847765256644,-0.052260393615948,-0.0893272530290325,0.151701618197256,-0.0386322886775444,0.226374348736163,0.273214877780852,-0.00548252847598318,0.338100125439141,-0.0306433954730445
0.00124144508916491,0.00134628110661238,0.00160174290687635,0.00177445314004234,0.000771685335239344,1.26493103458011e-05,0.000708078743457118,0.00174530746728632,0.0097922637245357,0.000251577766941163,0.00122809597765054,0.00123033627962108,0.0012922482318673,0.00161080045557789,0.000291544932470009,8.46415966937829e-05,0.00117182344183534,0.000326195297753268,-0.00133881522574521,0.000803404897436352,9.79016430345788e-05,0.00164785665577019,0.00135908001979945,-0.00200842680999941,0.00172729280566883,-0.00131481314822792
0.108535917134452,0.035281241141419,-0.012957134745739,-0.0785934476451336,0.0757725440076988,-7.96696456816046e-05,-0.00984236172907747,-0.0769430859827049,0.000251577766941163,0.301513614500294,-0.0283952765708976,-0.078678773482615,0.00454258319180605,-0.0207435506143544,0.0406407306874895,0.08714964732453,-0.014811597370098,0.163071309313117,0.0231304515060532,-0.0318018960136923,0.0523652639128953,-0.0122969655098316,-0.065626849003206,0.0680957772144274,-0.0768436021007593,0.137313436160764
0.115756998230294,0.162777736177064,-0.353228271890468,0.262743990169244,-0.108901406484679,-0.00270437605576856,0.0957565122128159,0.251344158336788,0.00122809597765054,-0.0283952765708976,0.345912548204166,0.19480393971474,0.176238635554614,0.205801747886234,0.0223436859225385,0.23407177000738,0.240677264493163,-0.0155755491827482,0.170339708737676,0.112032655647927,-0.00169145734385079,0.134915445464856,0.207248519839936,0.674729266360515,0.254722954173166,0.518242063853666
0.0132317412327552,0.105650746662893,0.0142318893784635,0.278407398643472,-0.00990485313526384,0.000158960459852081,0.0781191808709425,0.271620596313256,0.00123033627962108,-0.078678773482615,0.19480393971474,7.0849920018782,0.135313676522719,0.18794385798815,-0.0120793062211669,-0.0186786500796134,0.169745818432559,-0.0563533751322355,-0.060215266821088,0.120825167504952,-0.0458942977686309,0.167333092208769,0.220066150190828,0.00411075169087587,0.271254920761816,-0.0307561765074224
0.15327710886499,0.156400145136767,-0.02834129253864,0.194920765663604,0.00269985549860871,-0.000202344621309962,0.0842665225146233,0.189172670713869,0.0012922482318673,0.00454258319180605,0.176238635554614,0.135313676522719,1.15217600181834,0.180002208239736,0.0357402520951745,0.123313618663585,0.162194917270349,0.0109752038420071,-0.0205577264438041,0.0864462392251562,0.0191912683576851,0.152314412133915,0.151576385618439,0.132676626478003,0.189277813666041,0.119378720305196
0.155920087433833,0.179234854567364,0.0608541192915627,0.259289214565923,0.0232673799281217,0.000493341107643834,0.103136507448709,0.252978288456796,0.00161080045557789,-0.0207435506143544,0.205801747886234,0.18794385798815,0.180002208239736,0.266773131525303,0.0315958323466544,0.0821341059954693,0.188686308263076,-0.00908729222966837,-0.0883327302928829,0.115219231005025,0.00710613490439258,0.202583621357114,0.202087448744726,-0.0124160187822946,0.252122346365872,-0.00267692613609666
0.0910134094556577,0.0524336469936291,-0.00282425586142479,0.000961635734238768,0.0151192420456969,-3.09693569383068e-05,0.0186226610950419,0.00061306472854617,0.000291544932470009,0.0406407306874895,0.0223436859225385,-0.0120793062211669,0.0357402520951745,0.0315958323466544,0.249762892148425,0.0759130496832581,0.0250150087419427,0.035587348174883,0.000220994028314872,0.00184676980625175,0.0320301789299544,0.0264573109905031,-0.000927776499360503,0.0455225083065324,0.000627396822197162,0.0629528834258318
0.236530260514553,0.15471882019,-0.908740212754312,0.0245410423892019,-0.258268092021661,-0.00704763654364734,0.0587366411495098,0.0118931294116204,8.46415966937829e-05,0.08714964732453,0.23407177000738,-0.0186786500796134,0.123313618663585,0.0821341059954693,0.0759130496832581,0.814837434949376,0.208612928289701,0.0687131321544943,0.558343386034606,0.00559340232256185,0.0916326224698929,-0.0479765918074259,0.0195700048693831,1.65287869677036,0.021155362155676,1.33348139396927
0.120523965800996,0.153862247577998,-0.283520834037995,0.232611886610544,-0.0825865904005198,-0.00216724587051172,0.0880350162270547,0.222847765256644,0.00117182344183534,-0.014811597370098,0.240677264493163,0.169745818432559,0.162194917270349,0.188686308263076,0.0250150087419427,0.208612928289701,0.317884952307572,-0.00399855215471971,0.132095759568811,0.0998321679364958,0.00432183234385171,0.12873416637858,0.183005762272799,0.556383368645413,0.225532709982936,0.433206375075453
0.0960899154837977,0.037046325892764,-0.00333074085607518,-0.0535181272784614,0.0843160267018719,4.3299748294685e-06,-0.00712627840268527,-0.052260393615948,0.000326195297753268,0.163071309313117,-0.0155755491827482,-0.0563533751322355,0.0109752038420071,-0.00908729222966837,0.035587348174883,0.0687131321544943,-0.00399855215471971,0.26345640727386,0.0130299094056984,-0.0209003558254291,0.043064678880175,0.000819744967977712,-0.0457929047199004,0.0487153186674641,-0.0522906251636051,0.121582318673016
-0.0422149646993625,-0.0345705964531877,-1.29878684088488,-0.075244888347001,-0.405320517237016,-0.0100540668881181,-0.0273287923660225,-0.0893272530290325,-0.00133881522574521,0.0231304515060532,0.170339708737676,-0.060215266821088,-0.0205577264438041,-0.0883327302928829,0.000220994028314872,0.558343386034606,0.132095759568811,0.0130299094056984,1.06964349908265,-0.0460006165740948,0.017603996502148,-0.238830003864333,-0.0531284152943567,2.18405848355016,-0.075965043648511,1.68449081314463
0.0369675789433077,0.0753677388659252,0.0267038039686008,0.155428306049195,0.00482667414233701,0.000226804563929936,0.049672765610821,0.151701618197256,0.000803404897436352,-0.0318018960136923,0.112032655647927,0.120825167504952,0.0864462392251562,0.115219231005025,0.00184676980625175,0.00559340232256185,0.0998321679364958,-0.0209003558254291,-0.0460006165740948,0.48582527476546,-0.0155041179219759,0.104156133767476,0.122105488184448,-0.0158981949282206,0.151290685043054,-0.0223570578897431
0.0963652607898398,0.0414125411135221,-0.0191100035578976,-0.0390733389827448,0.011074957778095,-0.00016306834219101,0.00909356889868478,-0.0386322886775444,9.79016430345788e-05,0.0523652639128953,-0.00169145734385079,-0.0458942977686309,0.0191912683576851,0.00710613490439258,0.0320301789299544,0.0916326224698929,0.00432183234385171,0.043064678880175,0.017603996502148,-0.0155041179219759,0.115391264505441,0.00212105884349232,-0.0324893925929602,0.0717641642034399,-0.0384171773829649,0.0879515910405021
0.136086527717169,0.154255483663979,0.311830438892766,0.228724363910939,0.107068453311261,0.00243442705856862,0.0890196212332814,0.226374348736163,0.00164785665577019,-0.0122969655098316,0.134915445464856,0.167333092208769,0.152314412133915,0.202583621357114,0.0264573109905031,-0.0479765918074259,0.12873416637858,0.000819744967977712,-0.238830003864333,0.104156133767476,0.00212105884349232,0.251945386287136,0.176969032015814,-0.450392139317952,0.222966554465029,-0.337340049653616
0.051923151248136,0.128192772598326,0.00113984572068184,0.280445838813004,-0.00994318314230978,4.73962388876697e-05,0.0870765415982985,0.273214877780852,0.00135908001979945,-0.065626849003206,0.207248519839936,0.220066150190828,0.151576385618439,0.202087448744726,-0.000927776499360503,0.0195700048693831,0.183005762272799,-0.0457929047199004,-0.0531284152943567,0.122105488184448,-0.0324893925929602,0.176969032015814,0.252372524792903,0.0449658053529298,0.272961715383731,0.010959732666971
0.0802513782760495,0.102841338097862,-3.51115051911871,0.039392027809007,-1.0828312029956,-0.0271636147549385,0.0322927003461564,-0.00548252847598318,-0.00200842680999941,0.0680957772144274,0.674729266360515,0.00411075169087587,0.132676626478003,-0.0124160187822946,0.0455225083065324,1.65287869677036,0.556383368645413,0.0487153186674641,2.18405848355016,-0.0158981949282206,0.0717641642034399,-0.450392139317952,0.0449658053529298,6.31984108605033,0.0304223344704152,4.66238789553272
0.0700073591421598,0.161658320317434,0.0177669884144596,0.346854193619731,-0.004945482643279,0.000182608114122175,0.108558962853248,0.338100125439141,0.00172729280566883,-0.0768436021007593,0.254722954173166,0.271254920761816,0.189277813666041,0.252122346365872,0.000627396822197162,0.021155362155676,0.225532709982936,-0.0522906251636051,-0.075965043648511,0.151290685043054,-0.0384171773829649,0.222966554465029,0.272961715383731,0.0304223344704152,0.339954127339276,-0.00305374923523189
0.141349647039252,0.115336485920189,-2.70168964429715,0.00332473845493185,-0.791905219863246,-0.0208914423172581,0.0283786627295341,-0.0306433954730445,-0.00131481314822792,0.137313436160764,0.518242063853666,-0.0307561765074224,0.119378720305196,-0.00267692613609666,0.0629528834258318,1.33348139396927,0.433206375075453,0.121582318673016,1.68449081314463,-0.0223570578897431,0.0879515910405021,-0.337340049653616,0.010959732666971,4.66238789553272,-0.00305374923523189,3.97486765707663
